# TSE - 2025-11-12
1,00919,群益台灣精選高息,84877
2,6770,力積電          ,34924
3,1301,台塑            ,17082
4,00940,元大台灣價值高息,16249
5,3715,定穎投控        ,16182
6,00712,復華富時不動產  ,15492
7,00882,中信中國高股息  ,14090
8,2885,元大金          ,13284
9,1303,南亞            ,12388
10,8021,尖點            ,11251
11,2317,鴻海            ,10828
12,2867,三商壽          ,10255
13,8150,南茂            ,9844
14,1605,華新            ,8704
15,00881,國泰台灣科技龍頭,8260
16,1326,台化            ,8138
17,3481,群創            ,7841
18,00929,復華台灣科技優息,6654
19,00713,元大台灣高息低波,6641
20,1409,新纖            ,6309
21,2834,臺企銀          ,6270
22,8110,華東            ,6031
23,2353,宏碁            ,5989
24,2486,一詮            ,5601
25,2347,聯強            ,5569
26,1402,遠東新          ,5374
27,9904,寶成            ,5363
28,8039,台虹            ,5020
29,00953B,群益優選非投等債,4983
30,3711,日月光投控      ,4822
31,2890,永豐金          ,4483
32,2451,創見            ,4425
33,3006,晶豪科          ,4307
34,5880,合庫金          ,4116
35,2883,凱基金          ,3985
36,2323,中環            ,3706
37,6505,台塑化          ,3664
38,2369,菱生            ,3520
39,1304,台聚            ,3459
40,2881,富邦金          ,2999
41,2882,國泰金          ,2842
42,3708,上緯投控        ,2779
43,00939,統一台灣高息動能,2687
44,2618,長榮航          ,2648
45,3060,銘異            ,2567
46,2603,長榮            ,2551
47,00662,富邦NASDAQ      ,2436
48,2344,華邦電          ,2401
49,4906,正文            ,2390
50,6005,群益證          ,2381
51,3231,緯創            ,-33374
52,2337,旺宏            ,-31882
53,0050,元大台灣50      ,-28355
54,2408,南亞科          ,-23484
55,2887,台新新光金      ,-16498
56,1314,中石化          ,-12976
57,00900,富邦特選高股息30,-7293
58,2324,仁寶            ,-7271
59,4958,臻鼎-KY         ,-6070
60,2374,佳能            ,-5771
61,00632R,元大台灣50反1   ,-5711
62,8112,至上            ,-5324
63,2371,大同            ,-5040
64,00646,元大S&P500      ,-4880
65,2312,金寶            ,-4555
66,3706,神達            ,-4523
67,00878,國泰永續高股息  ,-4364
68,2002,中鋼            ,-4039
69,2313,華通            ,-4013
70,2880,華南金          ,-3828
